proj:       1
zone:       54
north:      3977653.06799374
south:      3957717.36478925
east:       303256.58499181
west:       287206.65444583
cols:       570
rows:       708
e-w resol:  28.15777289
n-s resol:  28.15777289
format:     -1
compressed: 5
