proj:       1
zone:       54
north:      3977653.06799374
south:      3957829.99588081
east:       303256.58499181
west:       287206.65444583
cols:       570
rows:       704
e-w resol:  28.15777289
n-s resol:  28.15777289
top:        1.000000000000000
bottom:     0.000000000000000
cols3:      570
rows3:      704
depths:     1
e-w resol3: 28.15777289
n-s resol3: 28.15777289
t-b resol:  1
